%YAML:1.0

cam0:
  T_imu_cam:
    - [0.00371037,  0.00144281,  0.99999208,  0.07885084]
    - [-0.99992068,  0.01204187,  0.00369273,  0.00229204]
    - [-0.01203644, -0.99992645,  0.00148737, -0.01322873]
    - [0.0, 0.0, 0.0, 1.0]
  cam_overlaps: []
  camera_model: pinhole
  distortion_coeffs: [-0.020796925251555957, 0.002951480798009306, -0.006280123373812935, 0.0012389518646215166]
  distortion_model: equidistant
  intrinsics: [378.61895667645643, 378.47900232530645, 825.1098582149145, 577.4804689226813]
  resolution: [1600, 1200]
  rostopic: /orin16/mjpeg_cam/image
  timeshift_cam_imu: -0.125293483569237