%YAML:1.0

cam0:
  T_imu_cam:
    - [ 0.01475456, -0.00270154,  0.9998875,   0.06032139]
    - [-0.99984239, 0.00983485,  0.01478047, -0.0096505 ]
    - [-0.00987367, -0.99994799, -0.00255601, -0.01295975]
    - [0.0, 0.0, 0.0, 1.0]
  cam_overlaps: []
  camera_model: pinhole
  distortion_coeffs: [-0.0076696829165846915, -0.04471885308689642, 0.04188936530323886, -0.01675568414966726]
  distortion_model: equidistant
  intrinsics: [155.98792201915535, 155.7692103911374, 330.5800357452345, 232.1403841722741]
  resolution: [640, 480]
  rostopic: /orin16/mjpeg_cam/image
  timeshift_cam_imu: -0.13055259155015464
